cam_model: Pinhole
cam_width: 640
cam_height: 512
cam_fx: 44.7196351324104091e+02
cam_fy: 4.7248642748309049e+02
cam_cx: 3.3903066128694218e+02
cam_cy: 2.7774073717116710e+02
cam_d0: -1.8566954779749040e-01
cam_d1: 1.6745260846914475e-01
cam_d2: -1.8122010952647307e-04
cam_d3: 8.6534037842673963e-05