feature_extract_enable : 0
point_filter_num : 2
max_iteration : 10
dense_map_enable : 1
filter_size_surf : 0.15
filter_size_map : 0.3
cube_side_length : 20
grid_size : 40
patch_size : 8
img_enable : 1
lidar_enable : 1
outlier_threshold : 300 # 78 100 156
ncc_en: false
ncc_thre: 0
img_point_cov : 100 # 1000
laser_point_cov : 0.001 # 0.001
pose_output_en: true
delta_time: 0.0

common:
    lid_topic:  "/livox/lidar"
    imu_topic:  "/vectornav/imu"

preprocess:
    lidar_type: 1 # 1:Livox LiDAR  2:VELO16  3:OUST64  4:XT32  5:Mid360
    scan_line: 6 # 16  64  32
    blind: 4 # blind x m disable

mapping:
    acc_cov_scale: 100
    gyr_cov_scale: 1000
    extrinsic_T: [ -4.62580473e-01, -1.36749596e-01, 1.94256529e-01 ] # horizon 0.05512, 0.02226, -0.0297
    extrinsic_R: [ 9.99542155e-01, -3.01985123e-02, 1.49427977e-03,
                   -3.02344935e-02, -9.98454998e-01, 4.66244241e-02,
                   8.36178087e-05, -4.66462604e-02, -9.98910584e-01]

pcd_save:
    pcd_save_en: false

camera:
    img_topic: /thermal_cam/thermal_image
    Rcl: [-0.01577749,-0.99987429,-0.00055128,
         -0.00151076,0.00057628,-0.99999762,
          0.99987328,-0.01577772,-0.00151857]
    Pcl: [-0.17138222, 0.09600887, -0.10307939]
    
